Archivo,Dia,Hora,Tiempo de exp,Valor medio,Desviacion estandar, Valor luz
skyr_2x2_s1_1s_20171111200858_1.fits,20171111,200858,1,65535.0,0.0,73
skyr_2x2_s1_1s_20171111201202_1.fits,20171111,201202,1,65535.0,0.0,110
skyr_2x2_s1_1s_20171111201507_1.fits,20171111,201507,1,65535.0,0.0,161
skyr_2x2_s1_1s_20171111201811_1.fits,20171111,201811,1,65535.0,0.0,239
skyr_2x2_s1_1s_20171111202115_1.fits,20171111,202115,1,65535.0,0.0,362
skyr_2x2_s1_1s_20171111202420_1.fits,20171111,202420,1,65535.0,0.0,567
skyr_2x2_s1_1s_20171111202724_1.fits,20171111,202724,1,48170.7311904,1877.6059766,949
skyr_2x2_s1_1s_20171111203028_1.fits,20171111,203028,1,24171.4398922,943.601483648,1680
skyr_2x2_s1_1s_20171111203333_1.fits,20171111,203333,1,11598.1575787,436.281129551,3127
skyr_2x2_s1_1s_20171111203637_1.fits,20171111,203637,1,5795.96572859,198.762343409,5673
skyr_2x2_s1_1s_20171111203941_1.fits,20171111,203941,1,3185.42931033,93.7811262761,11402
skyr_2x2_s1_1s_20171111204246_1.fits,20171111,204246,1,2115.46284967,52.5013168043,19040
skyr_2x2_s1_1s_20171111204550_1.fits,20171111,204550,1,1690.32604718,37.2801446006,28588
skyr_2x2_s1_2s_20171111200908_1.fits,20171111,200908,2,65535.0,0.0,73
skyr_2x2_s1_2s_20171111201212_1.fits,20171111,201212,2,65535.0,0.0,110
skyr_2x2_s1_2s_20171111201517_1.fits,20171111,201517,2,65535.0,0.0,161
skyr_2x2_s1_2s_20171111201821_1.fits,20171111,201821,2,65535.0,0.0,239
skyr_2x2_s1_2s_20171111202125_1.fits,20171111,202125,2,65535.0,0.0,362
skyr_2x2_s1_2s_20171111202430_1.fits,20171111,202430,2,65535.0,0.0,567
skyr_2x2_s1_2s_20171111202734_1.fits,20171111,202734,2,65535.0,0.0,949
skyr_2x2_s1_2s_20171111203038_1.fits,20171111,203038,2,43928.0647757,1782.18747249,1990
skyr_2x2_s1_2s_20171111203343_1.fits,20171111,203343,2,20508.8515669,819.958142894,3763
skyr_2x2_s1_2s_20171111203647_1.fits,20171111,203647,2,9711.54453687,366.774003707,7105
skyr_2x2_s1_2s_20171111203951_1.fits,20171111,203951,2,4836.20178926,164.517716862,11402
skyr_2x2_s1_2s_20171111204256_1.fits,20171111,204256,2,2853.93026625,85.5960930096,19040
skyr_2x2_s1_2s_20171111204600_1.fits,20171111,204600,2,2059.92661768,56.4112252664,28588
skyr_2x2_s1_4s_20171111200919_1.fits,20171111,200919,4,65535.0,0.0,73
skyr_2x2_s1_4s_20171111201223_1.fits,20171111,201223,4,65535.0,0.0,110
skyr_2x2_s1_4s_20171111201528_1.fits,20171111,201528,4,65535.0,0.0,161
skyr_2x2_s1_4s_20171111201832_1.fits,20171111,201832,4,65535.0,0.0,239
skyr_2x2_s1_4s_20171111202136_1.fits,20171111,202136,4,65535.0,0.0,362
skyr_2x2_s1_4s_20171111202441_1.fits,20171111,202441,4,65535.0,0.0,669
skyr_2x2_s1_4s_20171111202745_1.fits,20171111,202745,4,65535.0,0.0,1138
skyr_2x2_s1_4s_20171111203049_1.fits,20171111,203049,4,65534.9992698,0.926674530832,1990
skyr_2x2_s1_4s_20171111203354_1.fits,20171111,203354,4,37219.3728247,1535.09489958,3763
skyr_2x2_s1_4s_20171111203658_1.fits,20171111,203658,4,17065.8420308,683.786839226,7105
skyr_2x2_s1_4s_20171111204002_1.fits,20171111,204002,4,7974.5482258,301.659860039,11402
skyr_2x2_s1_4s_20171111204307_1.fits,20171111,204307,4,4278.69953375,151.44125687,19040
skyr_2x2_s1_4s_20171111204611_1.fits,20171111,204611,4,2786.09545501,95.2390208458,28588
skyr_2x2_s1_6s_20171111200932_1.fits,20171111,200932,6,65535.0,0.0,73
skyr_2x2_s1_6s_20171111201236_1.fits,20171111,201236,6,65535.0,0.0,110
skyr_2x2_s1_6s_20171111201541_1.fits,20171111,201541,6,65535.0,0.0,184
skyr_2x2_s1_6s_20171111201845_1.fits,20171111,201845,6,65535.0,0.0,273
skyr_2x2_s1_6s_20171111202149_1.fits,20171111,202149,6,65535.0,0.0,421
skyr_2x2_s1_6s_20171111202454_1.fits,20171111,202454,6,65535.0,0.0,669
skyr_2x2_s1_6s_20171111202758_1.fits,20171111,202758,6,65535.0,0.0,1138
skyr_2x2_s1_6s_20171111203102_1.fits,20171111,203102,6,65535.0,0.0,1990
skyr_2x2_s1_6s_20171111203407_1.fits,20171111,203407,6,51495.0136846,2131.46438648,3763
skyr_2x2_s1_6s_20171111203711_1.fits,20171111,203711,6,23388.8930237,956.016297226,7105
skyr_2x2_s1_6s_20171111204015_1.fits,20171111,204015,6,10678.7286645,419.919687432,11402
skyr_2x2_s1_6s_20171111204320_1.fits,20171111,204320,6,5534.53547569,208.670995913,19040
skyr_2x2_s1_6s_20171111204624_1.fits,20171111,204624,6,3440.08994118,128.299650412,28588
