Archivo,Dia,Hora,Tiempo de exp,Valor medio,Desviacion estandar, Valor luz
skyu_2x2_s1_1s_20171110200626_1.fits,20171110,200626,1,61613.4863971,2883.21044831,49
skyu_2x2_s1_1s_20171110200931_1.fits,20171110,200931,1,45675.6951475,2345.21978781,79
skyu_2x2_s1_1s_20171110201235_1.fits,20171110,201235,1,32365.5936795,1668.67573123,136
skyu_2x2_s1_1s_20171110201539_1.fits,20171110,201539,1,21832.700395,1107.62551584,204
skyu_2x2_s1_1s_20171110201844_1.fits,20171110,201844,1,14149.7905963,706.962451663,309
skyu_2x2_s1_1s_20171110202148_1.fits,20171110,202148,1,8897.33806769,422.697620085,484
skyu_2x2_s1_1s_20171110202452_1.fits,20171110,202452,1,5600.44935942,248.707657422,799
skyu_2x2_s1_1s_20171110202757_1.fits,20171110,202757,1,3635.35139774,142.417357342,1413
skyu_2x2_s1_1s_20171110203101_1.fits,20171110,203101,1,2533.68215836,84.0100486011,2548
skyu_2x2_s1_1s_20171110203405_1.fits,20171110,203405,1,1927.50310432,53.1628602716,4718
skyu_2x2_s1_1s_20171110203710_1.fits,20171110,203710,1,1602.27479095,37.3850886488,8128
skyu_2x2_s1_1s_20171110204014_1.fits,20171110,204014,1,1436.74113457,30.2584566087,11402
skyu_2x2_s1_1s_20171110204318_1.fits,20171110,204318,1,1354.21526336,27.1148748651,19040
skyu_2x2_s1_1s_20171110204623_1.fits,20171110,204623,1,1314.24057729,25.6358924152,28588
skyu_2x2_s1_1s_20171110204927_1.fits,20171110,204927,1,1293.74851117,24.9330484618,28588
skyu_2x2_s1_2s_20171110200636_1.fits,20171110,200636,2,65535.0,0.0,58
skyu_2x2_s1_2s_20171110200941_1.fits,20171110,200941,2,65534.9966718,4.22361860991,91
skyu_2x2_s1_2s_20171110201245_1.fits,20171110,201245,2,60030.8808995,3124.16284704,136
skyu_2x2_s1_2s_20171110201549_1.fits,20171110,201549,2,40167.1905064,2123.93484777,204
skyu_2x2_s1_2s_20171110201854_1.fits,20171110,201854,2,25657.4294128,1353.28383716,309
skyu_2x2_s1_2s_20171110202158_1.fits,20171110,202158,2,15661.5828853,803.387592448,484
skyu_2x2_s1_2s_20171110202502_1.fits,20171110,202502,2,9423.99555479,464.741321514,799
skyu_2x2_s1_2s_20171110202807_1.fits,20171110,202807,2,5698.73084334,258.97461892,1413
skyu_2x2_s1_2s_20171110203111_1.fits,20171110,203111,2,3606.81490124,144.519671108,2548
skyu_2x2_s1_2s_20171110203415_1.fits,20171110,203415,2,2461.3326588,83.7790693926,4718
skyu_2x2_s1_2s_20171110203720_1.fits,20171110,203720,2,1849.56752605,53.9360849227,8128
skyu_2x2_s1_2s_20171110204024_1.fits,20171110,204024,2,1546.36912084,41.9986639779,11402
skyu_2x2_s1_2s_20171110204328_1.fits,20171110,204328,2,1400.18421456,37.6976526413,19040
skyu_2x2_s1_2s_20171110204633_1.fits,20171110,204633,2,1334.5867462,36.0230687273,28588
skyu_2x2_s1_2s_20171110204937_1.fits,20171110,204937,2,1302.71799513,35.4193885518,28588
skyu_2x2_s1_4s_20171110200647_1.fits,20171110,200647,4,65535.0,0.0,58
skyu_2x2_s1_4s_20171110200952_1.fits,20171110,200952,4,65535.0,0.0,91
skyu_2x2_s1_4s_20171110201256_1.fits,20171110,201256,4,65535.0,0.0,136
skyu_2x2_s1_4s_20171110201600_1.fits,20171110,201600,4,65534.9923912,9.65601165035,204
skyu_2x2_s1_4s_20171110201905_1.fits,20171110,201905,4,47533.2703072,2565.56529504,309
skyu_2x2_s1_4s_20171110202209_1.fits,20171110,202209,4,28593.1565759,1531.10741349,484
skyu_2x2_s1_4s_20171110202513_1.fits,20171110,202513,4,16748.5181699,882.337350367,799
skyu_2x2_s1_4s_20171110202818_1.fits,20171110,202818,4,9684.01362933,488.450697348,1413
skyu_2x2_s1_4s_20171110203122_1.fits,20171110,203122,4,5701.12847959,267.37886775,2548
skyu_2x2_s1_4s_20171110203427_1.fits,20171110,203427,4,3519.23331493,148.46226712,4718
skyu_2x2_s1_4s_20171110203731_1.fits,20171110,203731,4,2359.06820814,89.2899979954,8128
skyu_2x2_s1_4s_20171110204035_1.fits,20171110,204035,4,1786.82186927,66.0089880542,14266
skyu_2x2_s1_4s_20171110204339_1.fits,20171110,204339,4,1513.27152488,58.0644325774,19040
skyu_2x2_s1_4s_20171110204644_1.fits,20171110,204644,4,1392.33294008,55.4654874057,28588
skyu_2x2_s1_4s_20171110204948_1.fits,20171110,204948,4,1335.42359657,54.8066272181,28588
skyu_2x2_s1_6s_20171110200700_1.fits,20171110,200700,6,65535.0,0.0,58
skyu_2x2_s1_6s_20171110201005_1.fits,20171110,201005,6,65535.0,0.0,91
skyu_2x2_s1_6s_20171110201309_1.fits,20171110,201309,6,65535.0,0.0,136
skyu_2x2_s1_6s_20171110201613_1.fits,20171110,201613,6,65535.0,0.0,204
skyu_2x2_s1_6s_20171110201918_1.fits,20171110,201918,6,64683.0164098,1508.29849686,309
skyu_2x2_s1_6s_20171110202222_1.fits,20171110,202222,6,40197.353725,2175.16646283,484
skyu_2x2_s1_6s_20171110202526_1.fits,20171110,202526,6,23315.7203702,1254.4968218,799
skyu_2x2_s1_6s_20171110202831_1.fits,20171110,202831,6,13241.8319891,692.152084581,1413
skyu_2x2_s1_6s_20171110203135_1.fits,20171110,203135,6,7567.11021815,380.543685268,3127
skyu_2x2_s1_6s_20171110203440_1.fits,20171110,203440,6,4455.10713525,205.41582678,5673
skyu_2x2_s1_6s_20171110203744_1.fits,20171110,203744,6,2806.8312999,119.619275944,9492
skyu_2x2_s1_6s_20171110204048_1.fits,20171110,204048,6,1999.60063633,85.601750181,14266
skyu_2x2_s1_6s_20171110204352_1.fits,20171110,204352,6,1614.38901842,74.8352863378,19040
skyu_2x2_s1_6s_20171110204657_1.fits,20171110,204657,6,1445.71339717,71.2122304012,28588
skyu_2x2_s1_6s_20171110205001_1.fits,20171110,205001,6,1364.49113969,70.2852655658,28588
