Archivo,Dia,Hora,Tiempo de exp,Valor medio,Desviacion estandar, Valor luz
skyc_2x2_s1_1s_20171110200526_1.fits,20171110,200526,1,65535.0,0.0,41
skyc_2x2_s1_1s_20171110200830_1.fits,20171110,200830,1,65535.0,0.0,68
skyc_2x2_s1_1s_20171110201135_1.fits,20171110,201135,1,65535.0,0.0,120
skyc_2x2_s1_1s_20171110201439_1.fits,20171110,201439,1,65535.0,0.0,178
skyc_2x2_s1_1s_20171110201744_1.fits,20171110,201744,1,65535.0,0.0,268
skyc_2x2_s1_1s_20171110202048_1.fits,20171110,202048,1,65535.0,0.0,414
skyc_2x2_s1_1s_20171110202352_1.fits,20171110,202352,1,65535.0,0.0,669
skyc_2x2_s1_1s_20171110202657_1.fits,20171110,202657,1,65535.0,0.0,1163
skyc_2x2_s1_1s_20171110203001_1.fits,20171110,203001,1,65534.9984924,1.91323619121,2066
skyc_2x2_s1_1s_20171110203305_1.fits,20171110,203305,1,38509.6010021,1596.18802034,3763
skyc_2x2_s1_1s_20171110203610_1.fits,20171110,203610,1,18386.2980434,749.159485163,6309
skyc_2x2_s1_1s_20171110203914_1.fits,20171110,203914,1,9184.55828729,357.802916793,11402
skyc_2x2_s1_1s_20171110204218_1.fits,20171110,204218,1,5022.7105794,178.675573644,14266
skyc_2x2_s1_1s_20171110204523_1.fits,20171110,204523,1,3112.6253939,168.498980416,19040
skyc_2x2_s1_1s_20171110204827_1.fits,20171110,204827,1,2224.64091892,58.606476882,28588
skyc_2x2_s1_2s_20171110200536_1.fits,20171110,200536,2,65535.0,0.0,49
skyc_2x2_s1_2s_20171110200841_1.fits,20171110,200841,2,65535.0,0.0,79
skyc_2x2_s1_2s_20171110201145_1.fits,20171110,201145,2,65535.0,0.0,120
skyc_2x2_s1_2s_20171110201449_1.fits,20171110,201449,2,65535.0,0.0,178
skyc_2x2_s1_2s_20171110201754_1.fits,20171110,201754,2,65535.0,0.0,268
skyc_2x2_s1_2s_20171110202058_1.fits,20171110,202058,2,65535.0,0.0,414
skyc_2x2_s1_2s_20171110202402_1.fits,20171110,202402,2,65535.0,0.0,669
skyc_2x2_s1_2s_20171110202707_1.fits,20171110,202707,2,65535.0,0.0,1163
skyc_2x2_s1_2s_20171110203011_1.fits,20171110,203011,2,65535.0,0.0,2066
skyc_2x2_s1_2s_20171110203315_1.fits,20171110,203315,2,65516.0539039,103.721279173,3763
skyc_2x2_s1_2s_20171110203620_1.fits,20171110,203620,2,33200.1888647,1419.91902463,6309
skyc_2x2_s1_2s_20171110203924_1.fits,20171110,203924,2,16097.3106749,674.592141455,11402
skyc_2x2_s1_2s_20171110204228_1.fits,20171110,204228,2,8334.48228528,330.896182552,14266
skyc_2x2_s1_2s_20171110204533_1.fits,20171110,204533,2,4757.48193011,299.408210196,19040
skyc_2x2_s1_2s_20171110204837_1.fits,20171110,204837,2,3088.03168835,99.2296563754,28588
skyc_2x2_s1_4s_20171110200547_1.fits,20171110,200547,4,65535.0,0.0,49
skyc_2x2_s1_4s_20171110200852_1.fits,20171110,200852,4,65535.0,0.0,79
skyc_2x2_s1_4s_20171110201156_1.fits,20171110,201156,4,65535.0,0.0,120
skyc_2x2_s1_4s_20171110201500_1.fits,20171110,201500,4,65535.0,0.0,178
skyc_2x2_s1_4s_20171110201805_1.fits,20171110,201805,4,65535.0,0.0,268
skyc_2x2_s1_4s_20171110202109_1.fits,20171110,202109,4,65535.0,0.0,414
skyc_2x2_s1_4s_20171110202413_1.fits,20171110,202413,4,65535.0,0.0,669
skyc_2x2_s1_4s_20171110202718_1.fits,20171110,202718,4,65535.0,0.0,1163
skyc_2x2_s1_4s_20171110203022_1.fits,20171110,203022,4,65535.0,0.0,2066
skyc_2x2_s1_4s_20171110203326_1.fits,20171110,203326,4,65535.0,0.0,3763
skyc_2x2_s1_4s_20171110203631_1.fits,20171110,203631,4,60741.1217587,2592.86073527,6309
skyc_2x2_s1_4s_20171110203935_1.fits,20171110,203935,4,29158.2348654,1273.09267483,11402
skyc_2x2_s1_4s_20171110204239_1.fits,20171110,204239,4,14608.3787756,623.660535933,19040
skyc_2x2_s1_4s_20171110204544_1.fits,20171110,204544,4,7909.23196752,499.508915296,28588
skyc_2x2_s1_4s_20171110204848_1.fits,20171110,204848,4,4759.73471543,179.196821965,28588
skyc_2x2_s1_6s_20171110200600_1.fits,20171110,200600,6,65535.0,0.0,49
skyc_2x2_s1_6s_20171110200905_1.fits,20171110,200905,6,65535.0,0.0,79
skyc_2x2_s1_6s_20171110201209_1.fits,20171110,201209,6,65535.0,0.0,120
skyc_2x2_s1_6s_20171110201513_1.fits,20171110,201513,6,65535.0,0.0,178
skyc_2x2_s1_6s_20171110201818_1.fits,20171110,201818,6,65535.0,0.0,268
skyc_2x2_s1_6s_20171110202122_1.fits,20171110,202122,6,65535.0,0.0,414
skyc_2x2_s1_6s_20171110202426_1.fits,20171110,202426,6,65535.0,0.0,669
skyc_2x2_s1_6s_20171110202731_1.fits,20171110,202731,6,65535.0,0.0,1163
skyc_2x2_s1_6s_20171110203035_1.fits,20171110,203035,6,65535.0,0.0,2548
skyc_2x2_s1_6s_20171110203339_1.fits,20171110,203339,6,65535.0,0.0,4718
skyc_2x2_s1_6s_20171110203644_1.fits,20171110,203644,6,65535.0,0.0,8128
skyc_2x2_s1_6s_20171110203948_1.fits,20171110,203948,6,40530.6059974,1789.7973496,11402
skyc_2x2_s1_6s_20171110204252_1.fits,20171110,204252,6,20144.9676808,879.999192021,19040
skyc_2x2_s1_6s_20171110204557_1.fits,20171110,204557,6,10726.136397,676.330761655,28588
skyc_2x2_s1_6s_20171110204901_1.fits,20171110,204901,6,6273.36530524,250.48669486,28588
skyc_2x2_s1_0.5s_20171112201127_1.fits,20171112,201127,0.5,65535.0,0.0,107
skyc_2x2_s1_0.5s_20171112201433_1.fits,20171112,201433,0.5,65535.0,0.0,152
skyc_2x2_s1_0.5s_20171112201739_1.fits,20171112,201739,0.5,65535.0,0.0,219
skyc_2x2_s1_0.5s_20171112202045_1.fits,20171112,202045,0.5,65535.0,0.0,372
skyc_2x2_s1_0.5s_20171112202351_1.fits,20171112,202351,0.5,65535.0,0.0,581
skyc_2x2_s1_0.5s_20171112202657_1.fits,20171112,202657,0.5,65535.0,0.0,967
skyc_2x2_s1_0.5s_20171112203003_1.fits,20171112,203003,0.5,65059.170833,870.177896879,1734
skyc_2x2_s1_0.5s_20171112203308_1.fits,20171112,203308,0.5,33116.8174408,1296.79709362,3127
skyc_2x2_s1_0.5s_20171112203614_1.fits,20171112,203614,0.5,15947.470356,610.54148692,5673
skyc_2x2_s1_0.5s_20171112203920_1.fits,20171112,203920,0.5,7962.34952999,289.73002475,9492
skyc_2x2_s1_0.5s_20171112204226_1.fits,20171112,204226,0.5,4378.9736423,143.972985386,14266
skyc_2x2_s1_0.5s_20171112204532_1.fits,20171112,204532,0.5,2749.78919365,76.9115535435,19040
skyc_2x2_s1_1s_20171112201137_1.fits,20171112,201137,1,65535.0,0.0,107
skyc_2x2_s1_1s_20171112201443_1.fits,20171112,201443,1,65535.0,0.0,171
skyc_2x2_s1_1s_20171112201749_1.fits,20171112,201749,1,65535.0,0.0,249
skyc_2x2_s1_1s_20171112202055_1.fits,20171112,202055,1,65535.0,0.0,372
skyc_2x2_s1_1s_20171112202400_1.fits,20171112,202400,1,65535.0,0.0,581
skyc_2x2_s1_1s_20171112202706_1.fits,20171112,202706,1,65535.0,0.0,967
skyc_2x2_s1_1s_20171112203012_1.fits,20171112,203012,1,65535.0,0.0,1734
skyc_2x2_s1_1s_20171112203318_1.fits,20171112,203318,1,59739.5001307,2451.20616357,3127
skyc_2x2_s1_1s_20171112203624_1.fits,20171112,203624,1,28298.5006082,1166.17307159,5673
skyc_2x2_s1_1s_20171112203930_1.fits,20171112,203930,1,13614.4603492,543.869608003,9492
skyc_2x2_s1_1s_20171112204235_1.fits,20171112,204235,1,7017.04538723,263.1203033,14266
skyc_2x2_s1_1s_20171112204541_1.fits,20171112,204541,1,4011.86989855,133.927455737,19040
skyc_2x2_s1_2s_20171112201147_1.fits,20171112,201147,2,65535.0,0.0,120
skyc_2x2_s1_2s_20171112201453_1.fits,20171112,201453,2,65535.0,0.0,171
skyc_2x2_s1_2s_20171112201759_1.fits,20171112,201759,2,65535.0,0.0,249
skyc_2x2_s1_2s_20171112202105_1.fits,20171112,202105,2,65535.0,0.0,372
skyc_2x2_s1_2s_20171112202410_1.fits,20171112,202410,2,65535.0,0.0,581
skyc_2x2_s1_2s_20171112202716_1.fits,20171112,202716,2,65535.0,0.0,967
skyc_2x2_s1_2s_20171112203022_1.fits,20171112,203022,2,65535.0,0.0,1734
skyc_2x2_s1_2s_20171112203328_1.fits,20171112,203328,2,65535.0,0.0,3127
skyc_2x2_s1_2s_20171112203634_1.fits,20171112,203634,2,51576.5909263,2199.87270176,5673
skyc_2x2_s1_2s_20171112203940_1.fits,20171112,203940,2,24381.5091056,1035.35861297,9492
skyc_2x2_s1_2s_20171112204245_1.fits,20171112,204245,2,12076.9572014,495.489663521,14266
skyc_2x2_s1_2s_20171112204551_1.fits,20171112,204551,2,6451.07180268,248.918310291,19040
skyc_2x2_s1_4s_20171112201158_1.fits,20171112,201158,4,65535.0,0.0,120
skyc_2x2_s1_4s_20171112201504_1.fits,20171112,201504,4,65535.0,0.0,171
skyc_2x2_s1_4s_20171112201810_1.fits,20171112,201810,4,65535.0,0.0,249
skyc_2x2_s1_4s_20171112202116_1.fits,20171112,202116,4,65535.0,0.0,372
skyc_2x2_s1_4s_20171112202421_1.fits,20171112,202421,4,65535.0,0.0,581
skyc_2x2_s1_4s_20171112202727_1.fits,20171112,202727,4,65535.0,0.0,967
skyc_2x2_s1_4s_20171112203033_1.fits,20171112,203033,4,65535.0,0.0,1734
skyc_2x2_s1_4s_20171112203339_1.fits,20171112,203339,4,65535.0,0.0,3127
skyc_2x2_s1_4s_20171112203645_1.fits,20171112,203645,4,65535.0,0.0,6309
skyc_2x2_s1_4s_20171112203951_1.fits,20171112,203951,4,44550.6565917,1945.53675628,9492
skyc_2x2_s1_4s_20171112204257_1.fits,20171112,204257,4,21615.0619455,933.95068466,14266
skyc_2x2_s1_4s_20171112204602_1.fits,20171112,204602,4,11084.7631669,463.479141794,19040
