Archivo,Dia,Hora,Tiempo de exp,Valor medio,Desviacion estandar, Valor luz
skyv_2x2_s1_1s_20171111201102_1.fits,20171111,201102,1,65535.0,0.0,97
skyv_2x2_s1_1s_20171111201407_1.fits,20171111,201407,1,65535.0,0.0,142
skyv_2x2_s1_1s_20171111201711_1.fits,20171111,201711,1,65535.0,0.0,209
skyv_2x2_s1_1s_20171111202015_1.fits,20171111,202015,1,65535.0,0.0,314
skyv_2x2_s1_1s_20171111202320_1.fits,20171111,202320,1,65534.9966383,4.26616999143,484
skyv_2x2_s1_1s_20171111202624_1.fits,20171111,202624,1,42713.5891697,1641.38282845,796
skyv_2x2_s1_1s_20171111202928_1.fits,20171111,202928,1,21946.9578733,835.095733934,1376
skyv_2x2_s1_1s_20171111203233_1.fits,20171111,203233,1,11232.0559076,414.662825362,2548
skyv_2x2_s1_1s_20171111203537_1.fits,20171111,203537,1,6017.61138766,207.369825519,4718
skyv_2x2_s1_1s_20171111203841_1.fits,20171111,203841,1,3499.35715124,107.204400222,9492
skyv_2x2_s1_1s_20171111204146_1.fits,20171111,204146,1,2293.7123031,69.5309405848,14266
skyv_2x2_s1_1s_20171111204450_1.fits,20171111,204450,1,1741.24893309,39.2212375083,19040
skyv_2x2_s1_2s_20171111200808_1.fits,20171111,200808,2,65535.0,0.0,63
skyv_2x2_s1_2s_20171111201112_1.fits,20171111,201112,2,65535.0,0.0,97
skyv_2x2_s1_2s_20171111201417_1.fits,20171111,201417,2,65535.0,0.0,142
skyv_2x2_s1_2s_20171111201721_1.fits,20171111,201721,2,65535.0,0.0,209
skyv_2x2_s1_2s_20171111202025_1.fits,20171111,202025,2,65535.0,0.0,314
skyv_2x2_s1_2s_20171111202330_1.fits,20171111,202330,2,65535.0,0.0,484
skyv_2x2_s1_2s_20171111202634_1.fits,20171111,202634,2,65534.9959739,5.10931773632,796
skyv_2x2_s1_2s_20171111202938_1.fits,20171111,202938,2,39875.1818215,1582.63844405,1680
skyv_2x2_s1_2s_20171111203243_1.fits,20171111,203243,2,19900.1402617,778.518360257,3127
skyv_2x2_s1_2s_20171111203547_1.fits,20171111,203547,2,10146.3088792,382.000610947,5673
skyv_2x2_s1_2s_20171111203851_1.fits,20171111,203851,2,5428.44516941,188.620978483,9492
skyv_2x2_s1_2s_20171111204156_1.fits,20171111,204156,2,3178.08978719,117.723181939,14266
skyv_2x2_s1_2s_20171111204500_1.fits,20171111,204500,2,2146.37009942,59.2714458796,19040
skyv_2x2_s1_4s_20171111200819_1.fits,20171111,200819,4,65535.0,0.0,63
skyv_2x2_s1_4s_20171111201123_1.fits,20171111,201123,4,65535.0,0.0,97
skyv_2x2_s1_4s_20171111201428_1.fits,20171111,201428,4,65535.0,0.0,142
skyv_2x2_s1_4s_20171111201732_1.fits,20171111,201732,4,65535.0,0.0,209
skyv_2x2_s1_4s_20171111202036_1.fits,20171111,202036,4,65535.0,0.0,314
skyv_2x2_s1_4s_20171111202341_1.fits,20171111,202341,4,65535.0,0.0,567
skyv_2x2_s1_4s_20171111202645_1.fits,20171111,202645,4,65535.0,0.0,949
skyv_2x2_s1_4s_20171111202949_1.fits,20171111,202949,4,65534.9936312,8.08239852274,1680
skyv_2x2_s1_4s_20171111203254_1.fits,20171111,203254,4,36209.7184111,1465.73934615,3127
skyv_2x2_s1_4s_20171111203558_1.fits,20171111,203558,4,17978.1308739,715.889213511,5673
skyv_2x2_s1_4s_20171111203902_1.fits,20171111,203902,4,9119.51671875,349.460105967,9492
skyv_2x2_s1_4s_20171111204207_1.fits,20171111,204207,4,4873.38492093,202.618586327,14266
skyv_2x2_s1_4s_20171111204511_1.fits,20171111,204511,4,2938.11849448,99.0270278654,19040
skyv_2x2_s1_6s_20171111200832_1.fits,20171111,200832,6,65535.0,0.0,63
skyv_2x2_s1_6s_20171111201136_1.fits,20171111,201136,6,65535.0,0.0,97
skyv_2x2_s1_6s_20171111201441_1.fits,20171111,201441,6,65535.0,0.0,161
skyv_2x2_s1_6s_20171111201745_1.fits,20171111,201745,6,65535.0,0.0,239
skyv_2x2_s1_6s_20171111202049_1.fits,20171111,202049,6,65535.0,0.0,362
skyv_2x2_s1_6s_20171111202354_1.fits,20171111,202354,6,65535.0,0.0,567
skyv_2x2_s1_6s_20171111202658_1.fits,20171111,202658,6,65535.0,0.0,949
skyv_2x2_s1_6s_20171111203002_1.fits,20171111,203002,6,65535.0,0.0,1680
skyv_2x2_s1_6s_20171111203307_1.fits,20171111,203307,6,50339.4056474,2049.17803058,3127
skyv_2x2_s1_6s_20171111203611_1.fits,20171111,203611,6,24816.9802092,1006.23441126,5673
skyv_2x2_s1_6s_20171111203915_1.fits,20171111,203915,6,12321.2934808,488.975310706,9492
skyv_2x2_s1_6s_20171111204220_1.fits,20171111,204220,6,6355.81700059,276.497604555,14266
skyv_2x2_s1_6s_20171111204524_1.fits,20171111,204524,6,3634.95571119,133.282540508,19040
skyv_2x2_s1_0.5s_20171114201825_1.fits,20171114,201825,0.5,65535.0,0.0,164
skyv_2x2_s1_0.5s_20171114202111_1.fits,20171114,202111,0.5,63768.5706971,1741.01761202,247
skyv_2x2_s1_0.5s_20171114202359_1.fits,20171114,202359,0.5,48632.5436123,1907.47545858,385
skyv_2x2_s1_0.5s_20171114202646_1.fits,20171114,202646,0.5,35522.2089783,1419.61121568,529
skyv_2x2_s1_0.5s_20171114202934_1.fits,20171114,202934,0.5,22980.6219614,917.570465505,915
skyv_2x2_s1_0.5s_20171114203222_1.fits,20171114,203222,0.5,13420.6238627,527.067754362,1581
skyv_2x2_s1_0.5s_20171114203510_1.fits,20171114,203510,0.5,7244.01333253,269.028416279,2959
skyv_2x2_s1_0.5s_20171114203757_1.fits,20171114,203757,0.5,3810.99402358,118.274065697,4351
skyv_2x2_s1_0.5s_20171114204045_1.fits,20171114,204045,0.5,2418.44065403,60.3975417532,8128
skyv_2x2_s1_0.5s_20171114204333_1.fits,20171114,204333,0.5,1846.68763928,38.3508585606,11402
skyv_2x2_s1_0.5s_20171114204620_1.fits,20171114,204620,0.5,1573.63632655,28.2809517419,19040
skyv_2x2_s1_0.5s_20171114204908_1.fits,20171114,204908,0.5,1436.15918937,23.5053517721,28588
skyv_2x2_s1_1s_20171114201751_1.fits,20171114,201751,1,65535.0,0.0,144
skyv_2x2_s1_1s_20171114202037_1.fits,20171114,202037,1,65535.0,0.0,213
skyv_2x2_s1_1s_20171114202325_1.fits,20171114,202325,1,65535.0,0.0,334
skyv_2x2_s1_1s_20171114202612_1.fits,20171114,202612,1,65533.9520825,27.46464513,529
skyv_2x2_s1_1s_20171114202900_1.fits,20171114,202900,1,47315.4670099,1989.72965185,915
skyv_2x2_s1_1s_20171114203148_1.fits,20171114,203148,1,27718.1904896,1178.02648181,1308
skyv_2x2_s1_1s_20171114203436_1.fits,20171114,203436,1,14696.007602,618.515275371,2435
skyv_2x2_s1_1s_20171114203723_1.fits,20171114,203723,1,7115.00204968,271.482962372,4351
skyv_2x2_s1_1s_20171114204011_1.fits,20171114,204011,1,3847.45535881,126.332325459,8128
skyv_2x2_s1_1s_20171114204259_1.fits,20171114,204259,1,2543.48837222,71.5205398125,11402
skyv_2x2_s1_1s_20171114204546_1.fits,20171114,204546,1,1935.39966544,46.6880625882,14266
skyv_2x2_s1_1s_20171114204834_1.fits,20171114,204834,1,1630.41805604,35.0887368809,19040
skyv_2x2_s1_2s_20171114201801_1.fits,20171114,201801,2,65535.0,0.0,164
skyv_2x2_s1_2s_20171114202047_1.fits,20171114,202047,2,65535.0,0.0,213
skyv_2x2_s1_2s_20171114202335_1.fits,20171114,202335,2,65535.0,0.0,334
skyv_2x2_s1_2s_20171114202622_1.fits,20171114,202622,2,65535.0,0.0,529
skyv_2x2_s1_2s_20171114202910_1.fits,20171114,202910,2,65535.0,0.0,915
skyv_2x2_s1_2s_20171114203158_1.fits,20171114,203158,2,50734.5542606,2226.22175716,1581
skyv_2x2_s1_2s_20171114203446_1.fits,20171114,203446,2,26304.5441314,1166.2560997,2435
skyv_2x2_s1_2s_20171114203733_1.fits,20171114,203733,2,12091.9194286,501.676108883,4351
skyv_2x2_s1_2s_20171114204021_1.fits,20171114,204021,2,6070.78153328,227.894138387,8128
skyv_2x2_s1_2s_20171114204309_1.fits,20171114,204309,2,3642.37071972,122.950635993,11402
skyv_2x2_s1_2s_20171114204556_1.fits,20171114,204556,2,2502.5988344,74.7641103218,14266
skyv_2x2_s1_2s_20171114204844_1.fits,20171114,204844,2,1932.42162264,52.8652957788,19040
skyv_2x2_s1_4s_20171114201812_1.fits,20171114,201812,4,65535.0,0.0,164
skyv_2x2_s1_4s_20171114202058_1.fits,20171114,202058,4,65535.0,0.0,247
skyv_2x2_s1_4s_20171114202346_1.fits,20171114,202346,4,65535.0,0.0,334
skyv_2x2_s1_4s_20171114202633_1.fits,20171114,202633,4,65535.0,0.0,529
skyv_2x2_s1_4s_20171114202921_1.fits,20171114,202921,4,65535.0,0.0,915
skyv_2x2_s1_4s_20171114203209_1.fits,20171114,203209,4,65535.0,0.0,1581
skyv_2x2_s1_4s_20171114203457_1.fits,20171114,203457,4,47854.9603023,2164.00717791,2435
skyv_2x2_s1_4s_20171114203744_1.fits,20171114,203744,4,21374.0395008,931.221612718,4351
skyv_2x2_s1_4s_20171114204032_1.fits,20171114,204032,4,10286.0070543,422.546799184,8128
skyv_2x2_s1_4s_20171114204320_1.fits,20171114,204320,4,5759.54577562,224.087493456,11402
skyv_2x2_s1_4s_20171114204607_1.fits,20171114,204607,4,3608.48935267,130.373837064,19040
skyv_2x2_s1_4s_20171114204855_1.fits,20171114,204855,4,2530.24620723,87.195379354,19040
skyv_2x2_s1_1s_20171118201616_1.fits,20171118,201616,1,65535.0,0.0,88
skyv_2x2_s1_1s_20171118201913_1.fits,20171118,201913,1,65535.0,0.0,131
skyv_2x2_s1_1s_20171118202212_1.fits,20171118,202212,1,65535.0,0.0,170
skyv_2x2_s1_1s_20171118202511_1.fits,20171118,202511,1,65535.0,0.0,254
skyv_2x2_s1_1s_20171118202810_1.fits,20171118,202810,1,65159.3555381,777.957071169,392
skyv_2x2_s1_1s_20171118203108_1.fits,20171118,203108,1,43599.0455983,1694.32255336,651
skyv_2x2_s1_1s_20171118203407_1.fits,20171118,203407,1,25646.62351,981.19440395,1138
skyv_2x2_s1_1s_20171118203706_1.fits,20171118,203706,1,13801.115755,513.197511354,2066
skyv_2x2_s1_1s_20171118204005_1.fits,20171118,204005,1,7164.27422963,250.247551728,3763
skyv_2x2_s1_1s_20171118204304_1.fits,20171118,204304,1,3874.43773258,119.306586593,6309
skyv_2x2_s1_1s_20171118204602_1.fits,20171118,204602,1,2474.48378668,64.655951233,11402
skyv_2x2_s1_1s_20171118204901_1.fits,20171118,204901,1,1856.19189604,42.2210913742,14266
skyv_2x2_s1_2s_20171118201626_1.fits,20171118,201626,2,65535.0,0.0,88
skyv_2x2_s1_2s_20171118201923_1.fits,20171118,201923,2,65535.0,0.0,131
skyv_2x2_s1_2s_20171118202222_1.fits,20171118,202222,2,65535.0,0.0,193
skyv_2x2_s1_2s_20171118202521_1.fits,20171118,202521,2,65535.0,0.0,293
skyv_2x2_s1_2s_20171118202820_1.fits,20171118,202820,2,65535.0,0.0,460
skyv_2x2_s1_2s_20171118203118_1.fits,20171118,203118,2,65535.0,0.0,774
skyv_2x2_s1_2s_20171118203417_1.fits,20171118,203417,2,46926.3345036,1860.53560224,1413
skyv_2x2_s1_2s_20171118203716_1.fits,20171118,203716,2,24694.6628954,971.65829589,2548
skyv_2x2_s1_2s_20171118204015_1.fits,20171118,204015,2,12251.3169196,463.627863433,4718
skyv_2x2_s1_2s_20171118204314_1.fits,20171118,204314,2,6113.39051982,211.930110407,8128
skyv_2x2_s1_2s_20171118204612_1.fits,20171118,204612,2,3509.53966881,108.049198448,11402
skyv_2x2_s1_2s_20171118204911_1.fits,20171118,204911,2,2354.48088882,64.9534605434,14266
skyv_2x2_s1_4s_20171118201637_1.fits,20171118,201637,4,65535.0,0.0,88
skyv_2x2_s1_4s_20171118201934_1.fits,20171118,201934,4,65535.0,0.0,131
skyv_2x2_s1_4s_20171118202233_1.fits,20171118,202233,4,65535.0,0.0,193
skyv_2x2_s1_4s_20171118202532_1.fits,20171118,202532,4,65535.0,0.0,293
skyv_2x2_s1_4s_20171118202831_1.fits,20171118,202831,4,65535.0,0.0,460
skyv_2x2_s1_4s_20171118203129_1.fits,20171118,203129,4,65535.0,0.0,774
skyv_2x2_s1_4s_20171118203428_1.fits,20171118,203428,4,65535.0,0.0,1413
skyv_2x2_s1_4s_20171118203727_1.fits,20171118,203727,4,45119.4010507,1822.94255439,2548
skyv_2x2_s1_4s_20171118204026_1.fits,20171118,204026,4,21841.7283739,868.009643467,4718
skyv_2x2_s1_4s_20171118204325_1.fits,20171118,204325,4,10354.403735,391.407373473,8128
skyv_2x2_s1_4s_20171118204624_1.fits,20171118,204624,4,5501.31873701,194.525973809,11402
skyv_2x2_s1_4s_20171118204922_1.fits,20171118,204922,4,3331.66039303,110.955559981,19040
skyv_2x2_s1_6s_20171118201650_1.fits,20171118,201650,6,65535.0,0.0,88
skyv_2x2_s1_6s_20171118201947_1.fits,20171118,201947,6,65535.0,0.0,131
skyv_2x2_s1_6s_20171118202246_1.fits,20171118,202246,6,65535.0,0.0,193
skyv_2x2_s1_6s_20171118202545_1.fits,20171118,202545,6,65535.0,0.0,293
skyv_2x2_s1_6s_20171118202844_1.fits,20171118,202844,6,65535.0,0.0,460
skyv_2x2_s1_6s_20171118203142_1.fits,20171118,203142,6,65535.0,0.0,774
skyv_2x2_s1_6s_20171118203441_1.fits,20171118,203441,6,65535.0,0.0,1413
skyv_2x2_s1_6s_20171118203740_1.fits,20171118,203740,6,62532.3569886,2228.46206648,2548
skyv_2x2_s1_6s_20171118204039_1.fits,20171118,204039,6,30091.8082089,1212.56199949,4718
skyv_2x2_s1_6s_20171118204338_1.fits,20171118,204338,6,14024.5630262,553.478202222,8128
skyv_2x2_s1_6s_20171118204637_1.fits,20171118,204637,6,7259.0297461,270.096467858,11402
skyv_2x2_s1_6s_20171118204935_1.fits,20171118,204935,6,4196.51464051,151.249581888,19040
