Archivo,Dia,Hora,Tiempo de exp,Valor medio,Desviacion estandar, Valor luz
skyb_2x2_s1_1s_20171110200726_1.fits,20171110,200726,1,65535.0,0.0,58
skyb_2x2_s1_1s_20171110201031_1.fits,20171110,201031,1,65535.0,0.0,91
skyb_2x2_s1_1s_20171110201335_1.fits,20171110,201335,1,65535.0,0.0,156
skyb_2x2_s1_1s_20171110201639_1.fits,20171110,201639,1,65535.0,0.0,233
skyb_2x2_s1_1s_20171110201944_1.fits,20171110,201944,1,65534.9968264,4.0274094618,356
skyb_2x2_s1_1s_20171110202248_1.fits,20171110,202248,1,47428.1530261,1936.68076469,567
skyb_2x2_s1_1s_20171110202553_1.fits,20171110,202553,1,26418.9023184,1090.06636484,949
skyb_2x2_s1_1s_20171110202857_1.fits,20171110,202857,1,14465.764523,577.785647238,1680
skyb_2x2_s1_1s_20171110203201_1.fits,20171110,203201,1,8013.99731077,308.626993893,3127
skyb_2x2_s1_1s_20171110203506_1.fits,20171110,203506,1,4609.26792847,159.795580244,5673
skyb_2x2_s1_1s_20171110203810_1.fits,20171110,203810,1,2869.95470156,86.5264599917,9492
skyb_2x2_s1_1s_20171110204114_1.fits,20171110,204114,1,2020.7658878,51.1245215977,14266
skyb_2x2_s1_1s_20171110204419_1.fits,20171110,204419,1,1626.23901317,35.9533177838,19040
skyb_2x2_s1_1s_20171110204723_1.fits,20171110,204723,1,1450.00154797,32.3612962427,28588
skyb_2x2_s1_1s_20171110205027_1.fits,20171110,205027,1,1367.24729199,27.106669234,28588
skyb_2x2_s1_2s_20171110200736_1.fits,20171110,200736,2,65535.0,0.0,68
skyb_2x2_s1_2s_20171110201041_1.fits,20171110,201041,2,65535.0,0.0,104
skyb_2x2_s1_2s_20171110201345_1.fits,20171110,201345,2,65535.0,0.0,156
skyb_2x2_s1_2s_20171110201649_1.fits,20171110,201649,2,65535.0,0.0,233
skyb_2x2_s1_2s_20171110201954_1.fits,20171110,201954,2,65535.0,0.0,356
skyb_2x2_s1_2s_20171110202258_1.fits,20171110,202258,2,65534.9996871,0.397146227499,567
skyb_2x2_s1_2s_20171110202603_1.fits,20171110,202603,2,48417.2220277,2066.14738825,949
skyb_2x2_s1_2s_20171110202907_1.fits,20171110,202907,2,26072.1157394,1098.72682142,1680
skyb_2x2_s1_2s_20171110203211_1.fits,20171110,203211,2,13934.790271,580.377088543,3127
skyb_2x2_s1_2s_20171110203516_1.fits,20171110,203516,2,7554.39919106,293.646161944,5673
skyb_2x2_s1_2s_20171110203820_1.fits,20171110,203820,2,4267.25925972,150.578286404,9492
skyb_2x2_s1_2s_20171110204124_1.fits,20171110,204124,2,2668.22935839,81.7518976705,14266
skyb_2x2_s1_2s_20171110204429_1.fits,20171110,204429,2,1928.65589815,53.3432285098,19040
skyb_2x2_s1_2s_20171110204733_1.fits,20171110,204733,2,1602.14380902,42.4331493883,28588
skyb_2x2_s1_2s_20171110205037_1.fits,20171110,205037,2,1449.13288941,38.8222704418,28588
skyb_2x2_s1_4s_20171110200747_1.fits,20171110,200747,4,65535.0,0.0,68
skyb_2x2_s1_4s_20171110201052_1.fits,20171110,201052,4,65535.0,0.0,104
skyb_2x2_s1_4s_20171110201356_1.fits,20171110,201356,4,65535.0,0.0,156
skyb_2x2_s1_4s_20171110201700_1.fits,20171110,201700,4,65535.0,0.0,233
skyb_2x2_s1_4s_20171110202005_1.fits,20171110,202005,4,65535.0,0.0,356
skyb_2x2_s1_4s_20171110202309_1.fits,20171110,202309,4,65535.0,0.0,567
skyb_2x2_s1_4s_20171110202614_1.fits,20171110,202614,4,65535.0,0.0,949
skyb_2x2_s1_4s_20171110202918_1.fits,20171110,202918,4,47962.498746,2068.99081479,1680
skyb_2x2_s1_4s_20171110203222_1.fits,20171110,203222,4,25199.8698712,1097.87306684,3127
skyb_2x2_s1_4s_20171110203527_1.fits,20171110,203527,4,13131.3974537,550.692210897,5673
skyb_2x2_s1_4s_20171110203831_1.fits,20171110,203831,4,6932.37186285,276.509746938,9492
skyb_2x2_s1_4s_20171110204135_1.fits,20171110,204135,4,3921.27262081,143.760055682,14266
skyb_2x2_s1_4s_20171110204440_1.fits,20171110,204440,4,2529.66725551,89.8736181097,19040
skyb_2x2_s1_4s_20171110204744_1.fits,20171110,204744,4,1912.97032034,66.7506676984,28588
skyb_2x2_s1_4s_20171110205048_1.fits,20171110,205048,4,1621.79698379,59.8059732599,28588
skyb_2x2_s1_6s_20171110200800_1.fits,20171110,200800,6,65535.0,0.0,68
skyb_2x2_s1_6s_20171110201105_1.fits,20171110,201105,6,65535.0,0.0,104
skyb_2x2_s1_6s_20171110201409_1.fits,20171110,201409,6,65535.0,0.0,156
skyb_2x2_s1_6s_20171110201714_1.fits,20171110,201714,6,65535.0,0.0,233
skyb_2x2_s1_6s_20171110202018_1.fits,20171110,202018,6,65535.0,0.0,356
skyb_2x2_s1_6s_20171110202322_1.fits,20171110,202322,6,65535.0,0.0,567
skyb_2x2_s1_6s_20171110202627_1.fits,20171110,202627,6,65535.0,0.0,949
skyb_2x2_s1_6s_20171110202931_1.fits,20171110,202931,6,64977.3079726,997.463273986,1680
skyb_2x2_s1_6s_20171110203235_1.fits,20171110,203235,6,35098.6862652,1550.8439328,3763
skyb_2x2_s1_6s_20171110203540_1.fits,20171110,203540,6,18034.644275,775.832463403,6309
skyb_2x2_s1_6s_20171110203844_1.fits,20171110,203844,6,9267.48958738,386.164117401,11402
skyb_2x2_s1_6s_20171110204148_1.fits,20171110,204148,6,5022.28457489,197.454969008,14266
skyb_2x2_s1_6s_20171110204453_1.fits,20171110,204453,6,3063.93639976,123.92796015,19040
skyb_2x2_s1_6s_20171110204757_1.fits,20171110,204757,6,2194.16424122,87.0961151486,28588
skyb_2x2_s1_6s_20171110205101_1.fits,20171110,205101,6,1780.51660512,77.1261618095,28588
