Archivo,Dia,Hora,Tiempo de exp,Valor medio,Desviacion estandar, Valor luz
skyi_2x2_s1_1s_20171111200958_1.fits,20171111,200958,1,65535.0,0.0,84
skyi_2x2_s1_1s_20171111201302_1.fits,20171111,201302,1,65535.0,0.0,125
skyi_2x2_s1_1s_20171111201607_1.fits,20171111,201607,1,65535.0,0.0,184
skyi_2x2_s1_1s_20171111201911_1.fits,20171111,201911,1,65535.0,0.0,273
skyi_2x2_s1_1s_20171111202215_1.fits,20171111,202215,1,65534.9991723,1.05038873265,421
skyi_2x2_s1_1s_20171111202520_1.fits,20171111,202520,1,50601.9504873,2002.12837762,669
skyi_2x2_s1_1s_20171111202824_1.fits,20171111,202824,1,29647.8687548,1186.12081678,1138
skyi_2x2_s1_1s_20171111203128_1.fits,20171111,203128,1,15319.1251725,608.584077748,1990
skyi_2x2_s1_1s_20171111203433_1.fits,20171111,203433,1,7346.45111168,273.53299526,3763
skyi_2x2_s1_1s_20171111203737_1.fits,20171111,203737,1,3660.77151898,115.294580138,7105
skyi_2x2_s1_1s_20171111204041_1.fits,20171111,204041,1,2153.30936164,54.1382931918,14266
skyi_2x2_s1_1s_20171111204346_1.fits,20171111,204346,1,1680.69691406,37.1073003815,19040
skyi_2x2_s1_1s_20171111204650_1.fits,20171111,204650,1,1497.18818166,31.1301517538,28588
skyi_2x2_s1_2s_20171111201008_1.fits,20171111,201008,2,65535.0,0.0,84
skyi_2x2_s1_2s_20171111201312_1.fits,20171111,201312,2,65535.0,0.0,125
skyi_2x2_s1_2s_20171111201617_1.fits,20171111,201617,2,65535.0,0.0,184
skyi_2x2_s1_2s_20171111201921_1.fits,20171111,201921,2,65535.0,0.0,273
skyi_2x2_s1_2s_20171111202225_1.fits,20171111,202225,2,65535.0,0.0,421
skyi_2x2_s1_2s_20171111202530_1.fits,20171111,202530,2,65535.0,0.0,669
skyi_2x2_s1_2s_20171111202834_1.fits,20171111,202834,2,54477.9530542,2238.31858267,1138
skyi_2x2_s1_2s_20171111203138_1.fits,20171111,203138,2,27470.5863383,1143.25444482,2548
skyi_2x2_s1_2s_20171111203443_1.fits,20171111,203443,2,12559.5529306,503.612848608,4718
skyi_2x2_s1_2s_20171111203747_1.fits,20171111,203747,2,5673.36670916,202.289585303,8128
skyi_2x2_s1_2s_20171111204051_1.fits,20171111,204051,2,2899.79308002,97.2501483761,14266
skyi_2x2_s1_2s_20171111204356_1.fits,20171111,204356,2,2035.91415259,55.7746680162,19040
skyi_2x2_s1_2s_20171111204700_1.fits,20171111,204700,2,1691.03901404,45.0147961991,28588
skyi_2x2_s1_4s_20171111201019_1.fits,20171111,201019,4,65535.0,0.0,84
skyi_2x2_s1_4s_20171111201323_1.fits,20171111,201323,4,65535.0,0.0,125
skyi_2x2_s1_4s_20171111201628_1.fits,20171111,201628,4,65535.0,0.0,184
skyi_2x2_s1_4s_20171111201932_1.fits,20171111,201932,4,65535.0,0.0,273
skyi_2x2_s1_4s_20171111202236_1.fits,20171111,202236,4,65535.0,0.0,421
skyi_2x2_s1_4s_20171111202541_1.fits,20171111,202541,4,65535.0,0.0,796
skyi_2x2_s1_4s_20171111202845_1.fits,20171111,202845,4,65535.0,0.0,1376
skyi_2x2_s1_4s_20171111203150_1.fits,20171111,203150,4,50081.068174,2129.98429951,2548
skyi_2x2_s1_4s_20171111203454_1.fits,20171111,203454,4,22305.3638684,937.950088549,4718
skyi_2x2_s1_4s_20171111203758_1.fits,20171111,203758,4,9431.35773429,368.316894346,8128
skyi_2x2_s1_4s_20171111204103_1.fits,20171111,204103,4,4330.95896298,166.718285299,14266
skyi_2x2_s1_4s_20171111204407_1.fits,20171111,204407,4,2741.58234135,93.1736840637,19040
skyi_2x2_s1_4s_20171111204711_1.fits,20171111,204711,4,2083.67252159,72.067234885,28588
skyi_2x2_s1_6s_20171111201032_1.fits,20171111,201032,6,65535.0,0.0,84
skyi_2x2_s1_6s_20171111201336_1.fits,20171111,201336,6,65535.0,0.0,125
skyi_2x2_s1_6s_20171111201641_1.fits,20171111,201641,6,65535.0,0.0,209
skyi_2x2_s1_6s_20171111201945_1.fits,20171111,201945,6,65535.0,0.0,314
skyi_2x2_s1_6s_20171111202249_1.fits,20171111,202249,6,65535.0,0.0,484
skyi_2x2_s1_6s_20171111202554_1.fits,20171111,202554,6,65535.0,0.0,796
skyi_2x2_s1_6s_20171111202858_1.fits,20171111,202858,6,65535.0,0.0,1376
skyi_2x2_s1_6s_20171111203203_1.fits,20171111,203203,6,65444.9044835,302.396684661,2548
skyi_2x2_s1_6s_20171111203507_1.fits,20171111,203507,6,30598.54996,1301.07703787,4718
skyi_2x2_s1_6s_20171111203811_1.fits,20171111,203811,6,12550.9696237,505.121510039,8128
skyi_2x2_s1_6s_20171111204116_1.fits,20171111,204116,6,5569.12241004,226.261695384,14266
skyi_2x2_s1_6s_20171111204420_1.fits,20171111,204420,6,3382.84700686,126.161497815,19040
skyi_2x2_s1_6s_20171111204724_1.fits,20171111,204724,6,2440.12846097,94.6359219161,28588
skyi_2x2_s1_0.5s_20171114202017_1.fits,20171114,202017,0.5,65451.2669275,298.087899895,213
skyi_2x2_s1_0.5s_20171114202305_1.fits,20171114,202305,0.5,53439.7513538,2125.28471997,334
skyi_2x2_s1_0.5s_20171114202553_1.fits,20171114,202553,0.5,39638.3105135,1580.4378991,451
skyi_2x2_s1_0.5s_20171114202841_1.fits,20171114,202841,0.5,26914.9013957,1070.61370474,762
skyi_2x2_s1_0.5s_20171114203128_1.fits,20171114,203128,0.5,16097.2969512,637.155127708,1308
skyi_2x2_s1_0.5s_20171114203416_1.fits,20171114,203416,0.5,8891.41256146,340.133282209,2435
skyi_2x2_s1_0.5s_20171114203704_1.fits,20171114,203704,0.5,4633.3332611,154.119512591,4351
skyi_2x2_s1_0.5s_20171114203951_1.fits,20171114,203951,0.5,2727.11009645,72.7587021109,6309
skyi_2x2_s1_0.5s_20171114204239_1.fits,20171114,204239,0.5,1983.17930055,43.5226394733,11402
skyi_2x2_s1_0.5s_20171114204527_1.fits,20171114,204527,0.5,1640.32573299,30.6863999503,14266
skyi_2x2_s1_0.5s_20171114204815_1.fits,20171114,204815,0.5,1470.08230875,24.6282861758,19040
skyi_2x2_s1_0.5s_20171114205102_1.fits,20171114,205102,0.5,1384.0619374,21.8878317309,28588
skyi_2x2_s1_1s_20171114201943_1.fits,20171114,201943,1,65535.0,0.0,187
skyi_2x2_s1_1s_20171114202231_1.fits,20171114,202231,1,65535.0,0.0,287
skyi_2x2_s1_1s_20171114202519_1.fits,20171114,202519,1,65535.0,0.0,451
skyi_2x2_s1_1s_20171114202807_1.fits,20171114,202807,1,54908.8048975,2302.60375028,762
skyi_2x2_s1_1s_20171114203054_1.fits,20171114,203054,1,33278.7573917,1416.56979882,1090
skyi_2x2_s1_1s_20171114203342_1.fits,20171114,203342,1,18203.5632528,774.15378995,1990
skyi_2x2_s1_1s_20171114203630_1.fits,20171114,203630,1,8999.76098248,358.521393359,3525
skyi_2x2_s1_1s_20171114203917_1.fits,20171114,203917,1,4567.32604097,158.059827583,6309
skyi_2x2_s1_1s_20171114204205_1.fits,20171114,204205,1,2849.11656153,121.264030375,11402
skyi_2x2_s1_1s_20171114204453_1.fits,20171114,204453,1,2086.29075124,52.8556964935,14266
skyi_2x2_s1_1s_20171114204741_1.fits,20171114,204741,1,1705.44244354,38.1361547293,19040
skyi_2x2_s1_1s_20171114205028_1.fits,20171114,205028,1,1514.82152652,31.3664483356,28588
skyi_2x2_s1_2s_20171114201953_1.fits,20171114,201953,2,65535.0,0.0,187
skyi_2x2_s1_2s_20171114202241_1.fits,20171114,202241,2,65535.0,0.0,287
skyi_2x2_s1_2s_20171114202529_1.fits,20171114,202529,2,65535.0,0.0,451
skyi_2x2_s1_2s_20171114202817_1.fits,20171114,202817,2,65535.0,0.0,762
skyi_2x2_s1_2s_20171114203104_1.fits,20171114,203104,2,61083.8400276,2580.92242597,1308
skyi_2x2_s1_2s_20171114203352_1.fits,20171114,203352,2,32894.8510795,1461.95725618,1990
skyi_2x2_s1_2s_20171114203640_1.fits,20171114,203640,2,15585.8994472,664.676009205,3525
skyi_2x2_s1_2s_20171114203927_1.fits,20171114,203927,2,7398.53648967,287.344509253,6309
skyi_2x2_s1_2s_20171114204215_1.fits,20171114,204215,2,4212.86794698,147.347482113,11402
skyi_2x2_s1_2s_20171114204503_1.fits,20171114,204503,2,2784.62523122,86.2055568464,14266
skyi_2x2_s1_2s_20171114204751_1.fits,20171114,204751,2,2072.95463264,57.938288669,19040
skyi_2x2_s1_2s_20171114205038_1.fits,20171114,205038,2,1715.50732227,45.5488248327,28588
skyi_2x2_s1_4s_20171114202004_1.fits,20171114,202004,4,65535.0,0.0,213
skyi_2x2_s1_4s_20171114202252_1.fits,20171114,202252,4,65535.0,0.0,287
skyi_2x2_s1_4s_20171114202540_1.fits,20171114,202540,4,65535.0,0.0,451
skyi_2x2_s1_4s_20171114202828_1.fits,20171114,202828,4,65535.0,0.0,762
skyi_2x2_s1_4s_20171114203115_1.fits,20171114,203115,4,65535.0,0.0,1308
skyi_2x2_s1_4s_20171114203403_1.fits,20171114,203403,4,60110.8447616,2684.6790145,2435
skyi_2x2_s1_4s_20171114203651_1.fits,20171114,203651,4,27799.7974973,1232.12593405,3525
skyi_2x2_s1_4s_20171114203938_1.fits,20171114,203938,4,12740.9834883,533.240973059,6309
skyi_2x2_s1_4s_20171114204226_1.fits,20171114,204226,4,6835.5830548,271.55309039,11402
skyi_2x2_s1_4s_20171114204514_1.fits,20171114,204514,4,4143.24378437,152.923346894,14266
skyi_2x2_s1_4s_20171114204802_1.fits,20171114,204802,4,2798.68863338,97.3131733257,19040
skyi_2x2_s1_4s_20171114205049_1.fits,20171114,205049,4,2120.30270904,72.9902178185,28588
skyi_2x2_s1_1s_20171118201814_1.fits,20171118,201814,1,65535.0,0.0,115
skyi_2x2_s1_1s_20171118202113_1.fits,20171118,202113,1,65535.0,0.0,170
skyi_2x2_s1_1s_20171118202412_1.fits,20171118,202412,1,65535.0,0.0,221
skyi_2x2_s1_1s_20171118202710_1.fits,20171118,202710,1,65534.999471,0.671366241725,339
skyi_2x2_s1_1s_20171118203009_1.fits,20171118,203009,1,50823.3306619,1973.01328096,541
skyi_2x2_s1_1s_20171118203308_1.fits,20171118,203308,1,30865.9192156,1190.995329,932
skyi_2x2_s1_1s_20171118203607_1.fits,20171118,203607,1,17027.5010106,640.49483155,1734
skyi_2x2_s1_1s_20171118203906_1.fits,20171118,203906,1,8884.03729967,319.443250551,3127
skyi_2x2_s1_1s_20171118204205_1.fits,20171118,204205,1,4679.32034397,151.131997931,5673
skyi_2x2_s1_1s_20171118204503_1.fits,20171118,204503,1,2802.34146975,77.3632244813,9492
skyi_2x2_s1_1s_20171118204802_1.fits,20171118,204802,1,2007.54284299,47.8365437228,14266
skyi_2x2_s1_1s_20171118205101_1.fits,20171118,205101,1,1636.14967553,35.3266545337,19040
skyi_2x2_s1_2s_20171118201824_1.fits,20171118,201824,2,65535.0,0.0,115
skyi_2x2_s1_2s_20171118202123_1.fits,20171118,202123,2,65535.0,0.0,170
skyi_2x2_s1_2s_20171118202422_1.fits,20171118,202422,2,65535.0,0.0,254
skyi_2x2_s1_2s_20171118202720_1.fits,20171118,202720,2,65535.0,0.0,392
skyi_2x2_s1_2s_20171118203019_1.fits,20171118,203019,2,65535.0,0.0,651
skyi_2x2_s1_2s_20171118203318_1.fits,20171118,203318,2,56845.4325957,2249.30140195,1138
skyi_2x2_s1_2s_20171118203617_1.fits,20171118,203617,2,30799.51281,1216.81517928,2066
skyi_2x2_s1_2s_20171118203916_1.fits,20171118,203916,2,15483.7047576,596.889880152,3763
skyi_2x2_s1_2s_20171118204215_1.fits,20171118,204215,2,7619.36030182,272.536731347,6309
skyi_2x2_s1_2s_20171118204513_1.fits,20171118,204513,2,4126.29793846,132.047174068,11402
skyi_2x2_s1_2s_20171118204812_1.fits,20171118,204812,2,2639.5810877,75.3354594833,14266
skyi_2x2_s1_2s_20171118205111_1.fits,20171118,205111,2,1947.68447504,51.4944614197,19040
skyi_2x2_s1_4s_20171118201835_1.fits,20171118,201835,4,65535.0,0.0,115
skyi_2x2_s1_4s_20171118202134_1.fits,20171118,202134,4,65535.0,0.0,170
skyi_2x2_s1_4s_20171118202433_1.fits,20171118,202433,4,65535.0,0.0,254
skyi_2x2_s1_4s_20171118202731_1.fits,20171118,202731,4,65535.0,0.0,392
skyi_2x2_s1_4s_20171118203030_1.fits,20171118,203030,4,65535.0,0.0,651
skyi_2x2_s1_4s_20171118203329_1.fits,20171118,203329,4,65535.0,0.0,1138
skyi_2x2_s1_4s_20171118203628_1.fits,20171118,203628,4,56543.9756957,2262.05082227,2066
skyi_2x2_s1_4s_20171118203927_1.fits,20171118,203927,4,27928.5412671,1117.42714338,3763
skyi_2x2_s1_4s_20171118204226_1.fits,20171118,204226,4,13169.5249404,505.671833998,6309
skyi_2x2_s1_4s_20171118204524_1.fits,20171118,204524,4,6662.46263048,241.125313933,11402
skyi_2x2_s1_4s_20171118204823_1.fits,20171118,204823,4,3871.45987853,130.819479082,14266
skyi_2x2_s1_4s_20171118205122_1.fits,20171118,205122,4,2564.23002527,84.2536121548,19040
skyi_2x2_s1_6s_20171118201848_1.fits,20171118,201848,6,65535.0,0.0,115
skyi_2x2_s1_6s_20171118202147_1.fits,20171118,202147,6,65535.0,0.0,170
skyi_2x2_s1_6s_20171118202446_1.fits,20171118,202446,6,65535.0,0.0,254
skyi_2x2_s1_6s_20171118202745_1.fits,20171118,202745,6,65535.0,0.0,392
skyi_2x2_s1_6s_20171118203043_1.fits,20171118,203043,6,65535.0,0.0,651
skyi_2x2_s1_6s_20171118203342_1.fits,20171118,203342,6,65535.0,0.0,1138
skyi_2x2_s1_6s_20171118203641_1.fits,20171118,203641,6,65535.0,0.0,2066
skyi_2x2_s1_6s_20171118203940_1.fits,20171118,203940,6,38613.0163161,1564.79300837,3763
skyi_2x2_s1_6s_20171118204239_1.fits,20171118,204239,6,17932.9631089,706.194598186,6309
skyi_2x2_s1_6s_20171118204537_1.fits,20171118,204537,6,8900.8698377,335.510210443,11402
skyi_2x2_s1_6s_20171118204836_1.fits,20171118,204836,6,4958.10366427,179.633696825,14266
skyi_2x2_s1_6s_20171118205135_1.fits,20171118,205135,6,3114.24671825,112.197689939,19040
